Frame 0
    0 [0000000000000000, 0000000400000000, 0000000000000000, 0000000000000000, 0000000000000000, 0000000000000000, 0000000000000000, 0000000000000000, 0000000000000000, 0000000000000000, 0000000200001000]     0: mov64 r8, r1
    1 [0000000000000000, 0000000400000000, 0000000000000000, 0000000000000000, 0000000000000000, 0000000000000000, 0000000000000000, 0000000000000000, 0000000400000000, 0000000000000000, 0000000200001000]     1: ldxdw r6, [r1+0x0]
    2 [0000000000000000, 0000000400000000, 0000000000000000, 0000000000000000, 0000000000000000, 0000000000000000, 0000000000000007, 0000000000000000, 0000000400000000, 0000000000000000, 0000000200001000]     2: mov64 r7, r1
    3 [0000000000000000, 0000000400000000, 0000000000000000, 0000000000000000, 0000000000000000, 0000000000000000, 0000000000000007, 0000000400000000, 0000000400000000, 0000000000000000, 0000000200001000]     3: add64 r7, 8
    4 [0000000000000000, 0000000400000000, 0000000000000000, 0000000000000000, 0000000000000000, 0000000000000000, 0000000000000007, 0000000400000008, 0000000400000000, 0000000000000000, 0000000200001000]     4: jeq r6, 0, lbb_15
    5 [0000000000000000, 0000000400000000, 0000000000000000, 0000000000000000, 0000000000000000, 0000000000000000, 0000000000000007, 0000000400000008, 0000000400000000, 0000000000000000, 0000000200001000]     5: ldxdw r2, [r7+0x50]
    6 [0000000000000000, 0000000400000000, 0000000000000000, 0000000000000000, 0000000000000000, 0000000000000000, 0000000000000007, 0000000400000008, 0000000400000000, 0000000000000000, 0000000200001000]     6: add64 r2, 10240
    7 [0000000000000000, 0000000400000000, 0000000000002800, 0000000000000000, 0000000000000000, 0000000000000000, 0000000000000007, 0000000400000008, 0000000400000000, 0000000000000000, 0000000200001000]     7: add64 r2, 7
    8 [0000000000000000, 0000000400000000, 0000000000002807, 0000000000000000, 0000000000000000, 0000000000000000, 0000000000000007, 0000000400000008, 0000000400000000, 0000000000000000, 0000000200001000]     8: mov64 r3, r2
    9 [0000000000000000, 0000000400000000, 0000000000002807, 0000000000002807, 0000000000000000, 0000000000000000, 0000000000000007, 0000000400000008, 0000000400000000, 0000000000000000, 0000000200001000]     9: and64 r3, 7
   10 [0000000000000000, 0000000400000000, 0000000000002807, 0000000000000007, 0000000000000000, 0000000000000000, 0000000000000007, 0000000400000008, 0000000400000000, 0000000000000000, 0000000200001000]    10: sub64 r2, r3
   11 [0000000000000000, 0000000400000000, 0000000000002800, 0000000000000007, 0000000000000000, 0000000000000000, 0000000000000007, 0000000400000008, 0000000400000000, 0000000000000000, 0000000200001000]    11: add64 r2, 96
   12 [0000000000000000, 0000000400000000, 0000000000002860, 0000000000000007, 0000000000000000, 0000000000000000, 0000000000000007, 0000000400000008, 0000000400000000, 0000000000000000, 0000000200001000]    12: add64 r7, r2
   13 [0000000000000000, 0000000400000000, 0000000000002860, 0000000000000007, 0000000000000000, 0000000000000000, 0000000000000007, 0000000400002868, 0000000400000000, 0000000000000000, 0000000200001000]    13: sub64 r6, 1
   14 [0000000000000000, 0000000400000000, 0000000000002860, 0000000000000007, 0000000000000000, 0000000000000000, 0000000000000006, 0000000400002868, 0000000400000000, 0000000000000000, 0000000200001000]    14: ja function_4
   15 [0000000000000000, 0000000400000000, 0000000000002860, 0000000000000007, 0000000000000000, 0000000000000000, 0000000000000006, 0000000400002868, 0000000400000000, 0000000000000000, 0000000200001000]     4: jeq r6, 0, lbb_15
   16 [0000000000000000, 0000000400000000, 0000000000002860, 0000000000000007, 0000000000000000, 0000000000000000, 0000000000000006, 0000000400002868, 0000000400000000, 0000000000000000, 0000000200001000]     5: ldxdw r2, [r7+0x50]
   17 [0000000000000000, 0000000400000000, 00000000000000A5, 0000000000000007, 0000000000000000, 0000000000000000, 0000000000000006, 0000000400002868, 0000000400000000, 0000000000000000, 0000000200001000]     6: add64 r2, 10240
   18 [0000000000000000, 0000000400000000, 00000000000028A5, 0000000000000007, 0000000000000000, 0000000000000000, 0000000000000006, 0000000400002868, 0000000400000000, 0000000000000000, 0000000200001000]     7: add64 r2, 7
   19 [0000000000000000, 0000000400000000, 00000000000028AC, 0000000000000007, 0000000000000000, 0000000000000000, 0000000000000006, 0000000400002868, 0000000400000000, 0000000000000000, 0000000200001000]     8: mov64 r3, r2
   20 [0000000000000000, 0000000400000000, 00000000000028AC, 00000000000028AC, 0000000000000000, 0000000000000000, 0000000000000006, 0000000400002868, 0000000400000000, 0000000000000000, 0000000200001000]     9: and64 r3, 7
   21 [0000000000000000, 0000000400000000, 00000000000028AC, 0000000000000004, 0000000000000000, 0000000000000000, 0000000000000006, 0000000400002868, 0000000400000000, 0000000000000000, 0000000200001000]    10: sub64 r2, r3
   22 [0000000000000000, 0000000400000000, 00000000000028A8, 0000000000000004, 0000000000000000, 0000000000000000, 0000000000000006, 0000000400002868, 0000000400000000, 0000000000000000, 0000000200001000]    11: add64 r2, 96
   23 [0000000000000000, 0000000400000000, 0000000000002908, 0000000000000004, 0000000000000000, 0000000000000000, 0000000000000006, 0000000400002868, 0000000400000000, 0000000000000000, 0000000200001000]    12: add64 r7, r2
   24 [0000000000000000, 0000000400000000, 0000000000002908, 0000000000000004, 0000000000000000, 0000000000000000, 0000000000000006, 0000000400005170, 0000000400000000, 0000000000000000, 0000000200001000]    13: sub64 r6, 1
   25 [0000000000000000, 0000000400000000, 0000000000002908, 0000000000000004, 0000000000000000, 0000000000000000, 0000000000000005, 0000000400005170, 0000000400000000, 0000000000000000, 0000000200001000]    14: ja function_4
   26 [0000000000000000, 0000000400000000, 0000000000002908, 0000000000000004, 0000000000000000, 0000000000000000, 0000000000000005, 0000000400005170, 0000000400000000, 0000000000000000, 0000000200001000]     4: jeq r6, 0, lbb_15
   27 [0000000000000000, 0000000400000000, 0000000000002908, 0000000000000004, 0000000000000000, 0000000000000000, 0000000000000005, 0000000400005170, 0000000400000000, 0000000000000000, 0000000200001000]     5: ldxdw r2, [r7+0x50]
   28 [0000000000000000, 0000000400000000, 00000000000000A5, 0000000000000004, 0000000000000000, 0000000000000000, 0000000000000005, 0000000400005170, 0000000400000000, 0000000000000000, 0000000200001000]     6: add64 r2, 10240
   29 [0000000000000000, 0000000400000000, 00000000000028A5, 0000000000000004, 0000000000000000, 0000000000000000, 0000000000000005, 0000000400005170, 0000000400000000, 0000000000000000, 0000000200001000]     7: add64 r2, 7
   30 [0000000000000000, 0000000400000000, 00000000000028AC, 0000000000000004, 0000000000000000, 0000000000000000, 0000000000000005, 0000000400005170, 0000000400000000, 0000000000000000, 0000000200001000]     8: mov64 r3, r2
   31 [0000000000000000, 0000000400000000, 00000000000028AC, 00000000000028AC, 0000000000000000, 0000000000000000, 0000000000000005, 0000000400005170, 0000000400000000, 0000000000000000, 0000000200001000]     9: and64 r3, 7
   32 [0000000000000000, 0000000400000000, 00000000000028AC, 0000000000000004, 0000000000000000, 0000000000000000, 0000000000000005, 0000000400005170, 0000000400000000, 0000000000000000, 0000000200001000]    10: sub64 r2, r3
   33 [0000000000000000, 0000000400000000, 00000000000028A8, 0000000000000004, 0000000000000000, 0000000000000000, 0000000000000005, 0000000400005170, 0000000400000000, 0000000000000000, 0000000200001000]    11: add64 r2, 96
   34 [0000000000000000, 0000000400000000, 0000000000002908, 0000000000000004, 0000000000000000, 0000000000000000, 0000000000000005, 0000000400005170, 0000000400000000, 0000000000000000, 0000000200001000]    12: add64 r7, r2
   35 [0000000000000000, 0000000400000000, 0000000000002908, 0000000000000004, 0000000000000000, 0000000000000000, 0000000000000005, 0000000400007A78, 0000000400000000, 0000000000000000, 0000000200001000]    13: sub64 r6, 1
   36 [0000000000000000, 0000000400000000, 0000000000002908, 0000000000000004, 0000000000000000, 0000000000000000, 0000000000000004, 0000000400007A78, 0000000400000000, 0000000000000000, 0000000200001000]    14: ja function_4
   37 [0000000000000000, 0000000400000000, 0000000000002908, 0000000000000004, 0000000000000000, 0000000000000000, 0000000000000004, 0000000400007A78, 0000000400000000, 0000000000000000, 0000000200001000]     4: jeq r6, 0, lbb_15
   38 [0000000000000000, 0000000400000000, 0000000000002908, 0000000000000004, 0000000000000000, 0000000000000000, 0000000000000004, 0000000400007A78, 0000000400000000, 0000000000000000, 0000000200001000]     5: ldxdw r2, [r7+0x50]
   39 [0000000000000000, 0000000400000000, 000000000000009A, 0000000000000004, 0000000000000000, 0000000000000000, 0000000000000004, 0000000400007A78, 0000000400000000, 0000000000000000, 0000000200001000]     6: add64 r2, 10240
   40 [0000000000000000, 0000000400000000, 000000000000289A, 0000000000000004, 0000000000000000, 0000000000000000, 0000000000000004, 0000000400007A78, 0000000400000000, 0000000000000000, 0000000200001000]     7: add64 r2, 7
   41 [0000000000000000, 0000000400000000, 00000000000028A1, 0000000000000004, 0000000000000000, 0000000000000000, 0000000000000004, 0000000400007A78, 0000000400000000, 0000000000000000, 0000000200001000]     8: mov64 r3, r2
   42 [0000000000000000, 0000000400000000, 00000000000028A1, 00000000000028A1, 0000000000000000, 0000000000000000, 0000000000000004, 0000000400007A78, 0000000400000000, 0000000000000000, 0000000200001000]     9: and64 r3, 7
   43 [0000000000000000, 0000000400000000, 00000000000028A1, 0000000000000001, 0000000000000000, 0000000000000000, 0000000000000004, 0000000400007A78, 0000000400000000, 0000000000000000, 0000000200001000]    10: sub64 r2, r3
   44 [0000000000000000, 0000000400000000, 00000000000028A0, 0000000000000001, 0000000000000000, 0000000000000000, 0000000000000004, 0000000400007A78, 0000000400000000, 0000000000000000, 0000000200001000]    11: add64 r2, 96
   45 [0000000000000000, 0000000400000000, 0000000000002900, 0000000000000001, 0000000000000000, 0000000000000000, 0000000000000004, 0000000400007A78, 0000000400000000, 0000000000000000, 0000000200001000]    12: add64 r7, r2
   46 [0000000000000000, 0000000400000000, 0000000000002900, 0000000000000001, 0000000000000000, 0000000000000000, 0000000000000004, 000000040000A378, 0000000400000000, 0000000000000000, 0000000200001000]    13: sub64 r6, 1
   47 [0000000000000000, 0000000400000000, 0000000000002900, 0000000000000001, 0000000000000000, 0000000000000000, 0000000000000003, 000000040000A378, 0000000400000000, 0000000000000000, 0000000200001000]    14: ja function_4
   48 [0000000000000000, 0000000400000000, 0000000000002900, 0000000000000001, 0000000000000000, 0000000000000000, 0000000000000003, 000000040000A378, 0000000400000000, 0000000000000000, 0000000200001000]     4: jeq r6, 0, lbb_15
   49 [0000000000000000, 0000000400000000, 0000000000002900, 0000000000000001, 0000000000000000, 0000000000000000, 0000000000000003, 000000040000A378, 0000000400000000, 0000000000000000, 0000000200001000]     5: ldxdw r2, [r7+0x50]
   50 [0000000000000000, 0000000400000000, 0000000000000052, 0000000000000001, 0000000000000000, 0000000000000000, 0000000000000003, 000000040000A378, 0000000400000000, 0000000000000000, 0000000200001000]     6: add64 r2, 10240
   51 [0000000000000000, 0000000400000000, 0000000000002852, 0000000000000001, 0000000000000000, 0000000000000000, 0000000000000003, 000000040000A378, 0000000400000000, 0000000000000000, 0000000200001000]     7: add64 r2, 7
   52 [0000000000000000, 0000000400000000, 0000000000002859, 0000000000000001, 0000000000000000, 0000000000000000, 0000000000000003, 000000040000A378, 0000000400000000, 0000000000000000, 0000000200001000]     8: mov64 r3, r2
   53 [0000000000000000, 0000000400000000, 0000000000002859, 0000000000002859, 0000000000000000, 0000000000000000, 0000000000000003, 000000040000A378, 0000000400000000, 0000000000000000, 0000000200001000]     9: and64 r3, 7
   54 [0000000000000000, 0000000400000000, 0000000000002859, 0000000000000001, 0000000000000000, 0000000000000000, 0000000000000003, 000000040000A378, 0000000400000000, 0000000000000000, 0000000200001000]    10: sub64 r2, r3
   55 [0000000000000000, 0000000400000000, 0000000000002858, 0000000000000001, 0000000000000000, 0000000000000000, 0000000000000003, 000000040000A378, 0000000400000000, 0000000000000000, 0000000200001000]    11: add64 r2, 96
   56 [0000000000000000, 0000000400000000, 00000000000028B8, 0000000000000001, 0000000000000000, 0000000000000000, 0000000000000003, 000000040000A378, 0000000400000000, 0000000000000000, 0000000200001000]    12: add64 r7, r2
   57 [0000000000000000, 0000000400000000, 00000000000028B8, 0000000000000001, 0000000000000000, 0000000000000000, 0000000000000003, 000000040000CC30, 0000000400000000, 0000000000000000, 0000000200001000]    13: sub64 r6, 1
   58 [0000000000000000, 0000000400000000, 00000000000028B8, 0000000000000001, 0000000000000000, 0000000000000000, 0000000000000002, 000000040000CC30, 0000000400000000, 0000000000000000, 0000000200001000]    14: ja function_4
   59 [0000000000000000, 0000000400000000, 00000000000028B8, 0000000000000001, 0000000000000000, 0000000000000000, 0000000000000002, 000000040000CC30, 0000000400000000, 0000000000000000, 0000000200001000]     4: jeq r6, 0, lbb_15
   60 [0000000000000000, 0000000400000000, 00000000000028B8, 0000000000000001, 0000000000000000, 0000000000000000, 0000000000000002, 000000040000CC30, 0000000400000000, 0000000000000000, 0000000200001000]     5: ldxdw r2, [r7+0x50]
   61 [0000000000000000, 0000000400000000, 0000000000000052, 0000000000000001, 0000000000000000, 0000000000000000, 0000000000000002, 000000040000CC30, 0000000400000000, 0000000000000000, 0000000200001000]     6: add64 r2, 10240
   62 [0000000000000000, 0000000400000000, 0000000000002852, 0000000000000001, 0000000000000000, 0000000000000000, 0000000000000002, 000000040000CC30, 0000000400000000, 0000000000000000, 0000000200001000]     7: add64 r2, 7
   63 [0000000000000000, 0000000400000000, 0000000000002859, 0000000000000001, 0000000000000000, 0000000000000000, 0000000000000002, 000000040000CC30, 0000000400000000, 0000000000000000, 0000000200001000]     8: mov64 r3, r2
   64 [0000000000000000, 0000000400000000, 0000000000002859, 0000000000002859, 0000000000000000, 0000000000000000, 0000000000000002, 000000040000CC30, 0000000400000000, 0000000000000000, 0000000200001000]     9: and64 r3, 7
   65 [0000000000000000, 0000000400000000, 0000000000002859, 0000000000000001, 0000000000000000, 0000000000000000, 0000000000000002, 000000040000CC30, 0000000400000000, 0000000000000000, 0000000200001000]    10: sub64 r2, r3
   66 [0000000000000000, 0000000400000000, 0000000000002858, 0000000000000001, 0000000000000000, 0000000000000000, 0000000000000002, 000000040000CC30, 0000000400000000, 0000000000000000, 0000000200001000]    11: add64 r2, 96
   67 [0000000000000000, 0000000400000000, 00000000000028B8, 0000000000000001, 0000000000000000, 0000000000000000, 0000000000000002, 000000040000CC30, 0000000400000000, 0000000000000000, 0000000200001000]    12: add64 r7, r2
   68 [0000000000000000, 0000000400000000, 00000000000028B8, 0000000000000001, 0000000000000000, 0000000000000000, 0000000000000002, 000000040000F4E8, 0000000400000000, 0000000000000000, 0000000200001000]    13: sub64 r6, 1
   69 [0000000000000000, 0000000400000000, 00000000000028B8, 0000000000000001, 0000000000000000, 0000000000000000, 0000000000000001, 000000040000F4E8, 0000000400000000, 0000000000000000, 0000000200001000]    14: ja function_4
   70 [0000000000000000, 0000000400000000, 00000000000028B8, 0000000000000001, 0000000000000000, 0000000000000000, 0000000000000001, 000000040000F4E8, 0000000400000000, 0000000000000000, 0000000200001000]     4: jeq r6, 0, lbb_15
   71 [0000000000000000, 0000000400000000, 00000000000028B8, 0000000000000001, 0000000000000000, 0000000000000000, 0000000000000001, 000000040000F4E8, 0000000400000000, 0000000000000000, 0000000200001000]     5: ldxdw r2, [r7+0x50]
   72 [0000000000000000, 0000000400000000, 00000000000208E8, 0000000000000001, 0000000000000000, 0000000000000000, 0000000000000001, 000000040000F4E8, 0000000400000000, 0000000000000000, 0000000200001000]     6: add64 r2, 10240
   73 [0000000000000000, 0000000400000000, 00000000000230E8, 0000000000000001, 0000000000000000, 0000000000000000, 0000000000000001, 000000040000F4E8, 0000000400000000, 0000000000000000, 0000000200001000]     7: add64 r2, 7
   74 [0000000000000000, 0000000400000000, 00000000000230EF, 0000000000000001, 0000000000000000, 0000000000000000, 0000000000000001, 000000040000F4E8, 0000000400000000, 0000000000000000, 0000000200001000]     8: mov64 r3, r2
   75 [0000000000000000, 0000000400000000, 00000000000230EF, 00000000000230EF, 0000000000000000, 0000000000000000, 0000000000000001, 000000040000F4E8, 0000000400000000, 0000000000000000, 0000000200001000]     9: and64 r3, 7
   76 [0000000000000000, 0000000400000000, 00000000000230EF, 0000000000000007, 0000000000000000, 0000000000000000, 0000000000000001, 000000040000F4E8, 0000000400000000, 0000000000000000, 0000000200001000]    10: sub64 r2, r3
   77 [0000000000000000, 0000000400000000, 00000000000230E8, 0000000000000007, 0000000000000000, 0000000000000000, 0000000000000001, 000000040000F4E8, 0000000400000000, 0000000000000000, 0000000200001000]    11: add64 r2, 96
   78 [0000000000000000, 0000000400000000, 0000000000023148, 0000000000000007, 0000000000000000, 0000000000000000, 0000000000000001, 000000040000F4E8, 0000000400000000, 0000000000000000, 0000000200001000]    12: add64 r7, r2
   79 [0000000000000000, 0000000400000000, 0000000000023148, 0000000000000007, 0000000000000000, 0000000000000000, 0000000000000001, 0000000400032630, 0000000400000000, 0000000000000000, 0000000200001000]    13: sub64 r6, 1
   80 [0000000000000000, 0000000400000000, 0000000000023148, 0000000000000007, 0000000000000000, 0000000000000000, 0000000000000000, 0000000400032630, 0000000400000000, 0000000000000000, 0000000200001000]    14: ja function_4
   81 [0000000000000000, 0000000400000000, 0000000000023148, 0000000000000007, 0000000000000000, 0000000000000000, 0000000000000000, 0000000400032630, 0000000400000000, 0000000000000000, 0000000200001000]     4: jeq r6, 0, lbb_15
   82 [0000000000000000, 0000000400000000, 0000000000023148, 0000000000000007, 0000000000000000, 0000000000000000, 0000000000000000, 0000000400032630, 0000000400000000, 0000000000000000, 0000000200001000]    15: ldxdw r3, [r7+0x0]
   83 [0000000000000000, 0000000400000000, 0000000000023148, 000000000000001A, 0000000000000000, 0000000000000000, 0000000000000000, 0000000400032630, 0000000400000000, 0000000000000000, 0000000200001000]    16: jlt r3, 1, lbb_28
   84 [0000000000000000, 0000000400000000, 0000000000023148, 000000000000001A, 0000000000000000, 0000000000000000, 0000000000000000, 0000000400032630, 0000000400000000, 0000000000000000, 0000000200001000]    17: ldxb r4, [r7+0x8]
   85 [0000000000000000, 0000000400000000, 0000000000023148, 000000000000001A, 0000000000000000, 0000000000000000, 0000000000000000, 0000000400032630, 0000000400000000, 0000000000000000, 0000000200001000]    18: jeq r4, 0, lbb_22
   86 [0000000000000000, 0000000400000000, 0000000000023148, 000000000000001A, 0000000000000000, 0000000000000000, 0000000000000000, 0000000400032630, 0000000400000000, 0000000000000000, 0000000200001000]    22: ldxdw r2, [r1+0x0]
   87 [0000000000000000, 0000000400000000, 0000000000000007, 000000000000001A, 0000000000000000, 0000000000000000, 0000000000000000, 0000000400032630, 0000000400000000, 0000000000000000, 0000000200001000]    23: exit
