Frame 0
    0 [0000000000000000, 0000000400000000, 0000000000000000, 0000000000000000, 0000000000000000, 0000000000000000, 0000000000000000, 0000000000000000, 0000000000000000, 0000000000000000, 0000000200001000]     0: ldxdw r6, [r1+0x0]
    1 [0000000000000000, 0000000400000000, 0000000000000000, 0000000000000000, 0000000000000000, 0000000000000000, 0000000000000009, 0000000000000000, 0000000000000000, 0000000000000000, 0000000200001000]     1: mov64 r7, r1
    2 [0000000000000000, 0000000400000000, 0000000000000000, 0000000000000000, 0000000000000000, 0000000000000000, 0000000000000009, 0000000400000000, 0000000000000000, 0000000000000000, 0000000200001000]     2: add64 r7, 8
    3 [0000000000000000, 0000000400000000, 0000000000000000, 0000000000000000, 0000000000000000, 0000000000000000, 0000000000000009, 0000000400000008, 0000000000000000, 0000000000000000, 0000000200001000]     3: jeq r6, 0, lbb_21
    4 [0000000000000000, 0000000400000000, 0000000000000000, 0000000000000000, 0000000000000000, 0000000000000000, 0000000000000009, 0000000400000008, 0000000000000000, 0000000000000000, 0000000200001000]     4: mov64 r3, r9
    5 [0000000000000000, 0000000400000000, 0000000000000000, 0000000000000000, 0000000000000000, 0000000000000000, 0000000000000009, 0000000400000008, 0000000000000000, 0000000000000000, 0000000200001000]     5: lsh64 r3, 3
    6 [0000000000000000, 0000000400000000, 0000000000000000, 0000000000000000, 0000000000000000, 0000000000000000, 0000000000000009, 0000000400000008, 0000000000000000, 0000000000000000, 0000000200001000]     6: mov64 r2, r10
    7 [0000000000000000, 0000000400000000, 0000000200001000, 0000000000000000, 0000000000000000, 0000000000000000, 0000000000000009, 0000000400000008, 0000000000000000, 0000000000000000, 0000000200001000]     7: sub64 r2, 8
    8 [0000000000000000, 0000000400000000, 0000000200000FF8, 0000000000000000, 0000000000000000, 0000000000000000, 0000000000000009, 0000000400000008, 0000000000000000, 0000000000000000, 0000000200001000]     8: sub64 r2, r3
    9 [0000000000000000, 0000000400000000, 0000000200000FF8, 0000000000000000, 0000000000000000, 0000000000000000, 0000000000000009, 0000000400000008, 0000000000000000, 0000000000000000, 0000000200001000]     9: stxdw [r2+0x0], r7
   10 [0000000000000000, 0000000400000000, 0000000200000FF8, 0000000000000000, 0000000000000000, 0000000000000000, 0000000000000009, 0000000400000008, 0000000000000000, 0000000000000000, 0000000200001000]    10: add64 r9, 1
   11 [0000000000000000, 0000000400000000, 0000000200000FF8, 0000000000000000, 0000000000000000, 0000000000000000, 0000000000000009, 0000000400000008, 0000000000000000, 0000000000000001, 0000000200001000]    11: ldxdw r2, [r7+0x50]
   12 [0000000000000000, 0000000400000000, 0000000000000000, 0000000000000000, 0000000000000000, 0000000000000000, 0000000000000009, 0000000400000008, 0000000000000000, 0000000000000001, 0000000200001000]    12: add64 r2, 10240
   13 [0000000000000000, 0000000400000000, 0000000000002800, 0000000000000000, 0000000000000000, 0000000000000000, 0000000000000009, 0000000400000008, 0000000000000000, 0000000000000001, 0000000200001000]    13: add64 r2, 7
   14 [0000000000000000, 0000000400000000, 0000000000002807, 0000000000000000, 0000000000000000, 0000000000000000, 0000000000000009, 0000000400000008, 0000000000000000, 0000000000000001, 0000000200001000]    14: mov64 r3, r2
   15 [0000000000000000, 0000000400000000, 0000000000002807, 0000000000002807, 0000000000000000, 0000000000000000, 0000000000000009, 0000000400000008, 0000000000000000, 0000000000000001, 0000000200001000]    15: and64 r3, 7
   16 [0000000000000000, 0000000400000000, 0000000000002807, 0000000000000007, 0000000000000000, 0000000000000000, 0000000000000009, 0000000400000008, 0000000000000000, 0000000000000001, 0000000200001000]    16: sub64 r2, r3
   17 [0000000000000000, 0000000400000000, 0000000000002800, 0000000000000007, 0000000000000000, 0000000000000000, 0000000000000009, 0000000400000008, 0000000000000000, 0000000000000001, 0000000200001000]    17: add64 r2, 96
   18 [0000000000000000, 0000000400000000, 0000000000002860, 0000000000000007, 0000000000000000, 0000000000000000, 0000000000000009, 0000000400000008, 0000000000000000, 0000000000000001, 0000000200001000]    18: add64 r7, r2
   19 [0000000000000000, 0000000400000000, 0000000000002860, 0000000000000007, 0000000000000000, 0000000000000000, 0000000000000009, 0000000400002868, 0000000000000000, 0000000000000001, 0000000200001000]    19: sub64 r6, 1
   20 [0000000000000000, 0000000400000000, 0000000000002860, 0000000000000007, 0000000000000000, 0000000000000000, 0000000000000008, 0000000400002868, 0000000000000000, 0000000000000001, 0000000200001000]    20: ja function_3
   21 [0000000000000000, 0000000400000000, 0000000000002860, 0000000000000007, 0000000000000000, 0000000000000000, 0000000000000008, 0000000400002868, 0000000000000000, 0000000000000001, 0000000200001000]     3: jeq r6, 0, lbb_21
   22 [0000000000000000, 0000000400000000, 0000000000002860, 0000000000000007, 0000000000000000, 0000000000000000, 0000000000000008, 0000000400002868, 0000000000000000, 0000000000000001, 0000000200001000]     4: mov64 r3, r9
   23 [0000000000000000, 0000000400000000, 0000000000002860, 0000000000000001, 0000000000000000, 0000000000000000, 0000000000000008, 0000000400002868, 0000000000000000, 0000000000000001, 0000000200001000]     5: lsh64 r3, 3
   24 [0000000000000000, 0000000400000000, 0000000000002860, 0000000000000008, 0000000000000000, 0000000000000000, 0000000000000008, 0000000400002868, 0000000000000000, 0000000000000001, 0000000200001000]     6: mov64 r2, r10
   25 [0000000000000000, 0000000400000000, 0000000200001000, 0000000000000008, 0000000000000000, 0000000000000000, 0000000000000008, 0000000400002868, 0000000000000000, 0000000000000001, 0000000200001000]     7: sub64 r2, 8
   26 [0000000000000000, 0000000400000000, 0000000200000FF8, 0000000000000008, 0000000000000000, 0000000000000000, 0000000000000008, 0000000400002868, 0000000000000000, 0000000000000001, 0000000200001000]     8: sub64 r2, r3
   27 [0000000000000000, 0000000400000000, 0000000200000FF0, 0000000000000008, 0000000000000000, 0000000000000000, 0000000000000008, 0000000400002868, 0000000000000000, 0000000000000001, 0000000200001000]     9: stxdw [r2+0x0], r7
   28 [0000000000000000, 0000000400000000, 0000000200000FF0, 0000000000000008, 0000000000000000, 0000000000000000, 0000000000000008, 0000000400002868, 0000000000000000, 0000000000000001, 0000000200001000]    10: add64 r9, 1
   29 [0000000000000000, 0000000400000000, 0000000200000FF0, 0000000000000008, 0000000000000000, 0000000000000000, 0000000000000008, 0000000400002868, 0000000000000000, 0000000000000002, 0000000200001000]    11: ldxdw r2, [r7+0x50]
   30 [0000000000000000, 0000000400000000, 00000000000000A5, 0000000000000008, 0000000000000000, 0000000000000000, 0000000000000008, 0000000400002868, 0000000000000000, 0000000000000002, 0000000200001000]    12: add64 r2, 10240
   31 [0000000000000000, 0000000400000000, 00000000000028A5, 0000000000000008, 0000000000000000, 0000000000000000, 0000000000000008, 0000000400002868, 0000000000000000, 0000000000000002, 0000000200001000]    13: add64 r2, 7
   32 [0000000000000000, 0000000400000000, 00000000000028AC, 0000000000000008, 0000000000000000, 0000000000000000, 0000000000000008, 0000000400002868, 0000000000000000, 0000000000000002, 0000000200001000]    14: mov64 r3, r2
   33 [0000000000000000, 0000000400000000, 00000000000028AC, 00000000000028AC, 0000000000000000, 0000000000000000, 0000000000000008, 0000000400002868, 0000000000000000, 0000000000000002, 0000000200001000]    15: and64 r3, 7
   34 [0000000000000000, 0000000400000000, 00000000000028AC, 0000000000000004, 0000000000000000, 0000000000000000, 0000000000000008, 0000000400002868, 0000000000000000, 0000000000000002, 0000000200001000]    16: sub64 r2, r3
   35 [0000000000000000, 0000000400000000, 00000000000028A8, 0000000000000004, 0000000000000000, 0000000000000000, 0000000000000008, 0000000400002868, 0000000000000000, 0000000000000002, 0000000200001000]    17: add64 r2, 96
   36 [0000000000000000, 0000000400000000, 0000000000002908, 0000000000000004, 0000000000000000, 0000000000000000, 0000000000000008, 0000000400002868, 0000000000000000, 0000000000000002, 0000000200001000]    18: add64 r7, r2
   37 [0000000000000000, 0000000400000000, 0000000000002908, 0000000000000004, 0000000000000000, 0000000000000000, 0000000000000008, 0000000400005170, 0000000000000000, 0000000000000002, 0000000200001000]    19: sub64 r6, 1
   38 [0000000000000000, 0000000400000000, 0000000000002908, 0000000000000004, 0000000000000000, 0000000000000000, 0000000000000007, 0000000400005170, 0000000000000000, 0000000000000002, 0000000200001000]    20: ja function_3
   39 [0000000000000000, 0000000400000000, 0000000000002908, 0000000000000004, 0000000000000000, 0000000000000000, 0000000000000007, 0000000400005170, 0000000000000000, 0000000000000002, 0000000200001000]     3: jeq r6, 0, lbb_21
   40 [0000000000000000, 0000000400000000, 0000000000002908, 0000000000000004, 0000000000000000, 0000000000000000, 0000000000000007, 0000000400005170, 0000000000000000, 0000000000000002, 0000000200001000]     4: mov64 r3, r9
   41 [0000000000000000, 0000000400000000, 0000000000002908, 0000000000000002, 0000000000000000, 0000000000000000, 0000000000000007, 0000000400005170, 0000000000000000, 0000000000000002, 0000000200001000]     5: lsh64 r3, 3
   42 [0000000000000000, 0000000400000000, 0000000000002908, 0000000000000010, 0000000000000000, 0000000000000000, 0000000000000007, 0000000400005170, 0000000000000000, 0000000000000002, 0000000200001000]     6: mov64 r2, r10
   43 [0000000000000000, 0000000400000000, 0000000200001000, 0000000000000010, 0000000000000000, 0000000000000000, 0000000000000007, 0000000400005170, 0000000000000000, 0000000000000002, 0000000200001000]     7: sub64 r2, 8
   44 [0000000000000000, 0000000400000000, 0000000200000FF8, 0000000000000010, 0000000000000000, 0000000000000000, 0000000000000007, 0000000400005170, 0000000000000000, 0000000000000002, 0000000200001000]     8: sub64 r2, r3
   45 [0000000000000000, 0000000400000000, 0000000200000FE8, 0000000000000010, 0000000000000000, 0000000000000000, 0000000000000007, 0000000400005170, 0000000000000000, 0000000000000002, 0000000200001000]     9: stxdw [r2+0x0], r7
   46 [0000000000000000, 0000000400000000, 0000000200000FE8, 0000000000000010, 0000000000000000, 0000000000000000, 0000000000000007, 0000000400005170, 0000000000000000, 0000000000000002, 0000000200001000]    10: add64 r9, 1
   47 [0000000000000000, 0000000400000000, 0000000200000FE8, 0000000000000010, 0000000000000000, 0000000000000000, 0000000000000007, 0000000400005170, 0000000000000000, 0000000000000003, 0000000200001000]    11: ldxdw r2, [r7+0x50]
   48 [0000000000000000, 0000000400000000, 00000000000000A5, 0000000000000010, 0000000000000000, 0000000000000000, 0000000000000007, 0000000400005170, 0000000000000000, 0000000000000003, 0000000200001000]    12: add64 r2, 10240
   49 [0000000000000000, 0000000400000000, 00000000000028A5, 0000000000000010, 0000000000000000, 0000000000000000, 0000000000000007, 0000000400005170, 0000000000000000, 0000000000000003, 0000000200001000]    13: add64 r2, 7
   50 [0000000000000000, 0000000400000000, 00000000000028AC, 0000000000000010, 0000000000000000, 0000000000000000, 0000000000000007, 0000000400005170, 0000000000000000, 0000000000000003, 0000000200001000]    14: mov64 r3, r2
   51 [0000000000000000, 0000000400000000, 00000000000028AC, 00000000000028AC, 0000000000000000, 0000000000000000, 0000000000000007, 0000000400005170, 0000000000000000, 0000000000000003, 0000000200001000]    15: and64 r3, 7
   52 [0000000000000000, 0000000400000000, 00000000000028AC, 0000000000000004, 0000000000000000, 0000000000000000, 0000000000000007, 0000000400005170, 0000000000000000, 0000000000000003, 0000000200001000]    16: sub64 r2, r3
   53 [0000000000000000, 0000000400000000, 00000000000028A8, 0000000000000004, 0000000000000000, 0000000000000000, 0000000000000007, 0000000400005170, 0000000000000000, 0000000000000003, 0000000200001000]    17: add64 r2, 96
   54 [0000000000000000, 0000000400000000, 0000000000002908, 0000000000000004, 0000000000000000, 0000000000000000, 0000000000000007, 0000000400005170, 0000000000000000, 0000000000000003, 0000000200001000]    18: add64 r7, r2
   55 [0000000000000000, 0000000400000000, 0000000000002908, 0000000000000004, 0000000000000000, 0000000000000000, 0000000000000007, 0000000400007A78, 0000000000000000, 0000000000000003, 0000000200001000]    19: sub64 r6, 1
   56 [0000000000000000, 0000000400000000, 0000000000002908, 0000000000000004, 0000000000000000, 0000000000000000, 0000000000000006, 0000000400007A78, 0000000000000000, 0000000000000003, 0000000200001000]    20: ja function_3
   57 [0000000000000000, 0000000400000000, 0000000000002908, 0000000000000004, 0000000000000000, 0000000000000000, 0000000000000006, 0000000400007A78, 0000000000000000, 0000000000000003, 0000000200001000]     3: jeq r6, 0, lbb_21
   58 [0000000000000000, 0000000400000000, 0000000000002908, 0000000000000004, 0000000000000000, 0000000000000000, 0000000000000006, 0000000400007A78, 0000000000000000, 0000000000000003, 0000000200001000]     4: mov64 r3, r9
   59 [0000000000000000, 0000000400000000, 0000000000002908, 0000000000000003, 0000000000000000, 0000000000000000, 0000000000000006, 0000000400007A78, 0000000000000000, 0000000000000003, 0000000200001000]     5: lsh64 r3, 3
   60 [0000000000000000, 0000000400000000, 0000000000002908, 0000000000000018, 0000000000000000, 0000000000000000, 0000000000000006, 0000000400007A78, 0000000000000000, 0000000000000003, 0000000200001000]     6: mov64 r2, r10
   61 [0000000000000000, 0000000400000000, 0000000200001000, 0000000000000018, 0000000000000000, 0000000000000000, 0000000000000006, 0000000400007A78, 0000000000000000, 0000000000000003, 0000000200001000]     7: sub64 r2, 8
   62 [0000000000000000, 0000000400000000, 0000000200000FF8, 0000000000000018, 0000000000000000, 0000000000000000, 0000000000000006, 0000000400007A78, 0000000000000000, 0000000000000003, 0000000200001000]     8: sub64 r2, r3
   63 [0000000000000000, 0000000400000000, 0000000200000FE0, 0000000000000018, 0000000000000000, 0000000000000000, 0000000000000006, 0000000400007A78, 0000000000000000, 0000000000000003, 0000000200001000]     9: stxdw [r2+0x0], r7
   64 [0000000000000000, 0000000400000000, 0000000200000FE0, 0000000000000018, 0000000000000000, 0000000000000000, 0000000000000006, 0000000400007A78, 0000000000000000, 0000000000000003, 0000000200001000]    10: add64 r9, 1
   65 [0000000000000000, 0000000400000000, 0000000200000FE0, 0000000000000018, 0000000000000000, 0000000000000000, 0000000000000006, 0000000400007A78, 0000000000000000, 0000000000000004, 0000000200001000]    11: ldxdw r2, [r7+0x50]
   66 [0000000000000000, 0000000400000000, 00000000000000A5, 0000000000000018, 0000000000000000, 0000000000000000, 0000000000000006, 0000000400007A78, 0000000000000000, 0000000000000004, 0000000200001000]    12: add64 r2, 10240
   67 [0000000000000000, 0000000400000000, 00000000000028A5, 0000000000000018, 0000000000000000, 0000000000000000, 0000000000000006, 0000000400007A78, 0000000000000000, 0000000000000004, 0000000200001000]    13: add64 r2, 7
   68 [0000000000000000, 0000000400000000, 00000000000028AC, 0000000000000018, 0000000000000000, 0000000000000000, 0000000000000006, 0000000400007A78, 0000000000000000, 0000000000000004, 0000000200001000]    14: mov64 r3, r2
   69 [0000000000000000, 0000000400000000, 00000000000028AC, 00000000000028AC, 0000000000000000, 0000000000000000, 0000000000000006, 0000000400007A78, 0000000000000000, 0000000000000004, 0000000200001000]    15: and64 r3, 7
   70 [0000000000000000, 0000000400000000, 00000000000028AC, 0000000000000004, 0000000000000000, 0000000000000000, 0000000000000006, 0000000400007A78, 0000000000000000, 0000000000000004, 0000000200001000]    16: sub64 r2, r3
   71 [0000000000000000, 0000000400000000, 00000000000028A8, 0000000000000004, 0000000000000000, 0000000000000000, 0000000000000006, 0000000400007A78, 0000000000000000, 0000000000000004, 0000000200001000]    17: add64 r2, 96
   72 [0000000000000000, 0000000400000000, 0000000000002908, 0000000000000004, 0000000000000000, 0000000000000000, 0000000000000006, 0000000400007A78, 0000000000000000, 0000000000000004, 0000000200001000]    18: add64 r7, r2
   73 [0000000000000000, 0000000400000000, 0000000000002908, 0000000000000004, 0000000000000000, 0000000000000000, 0000000000000006, 000000040000A380, 0000000000000000, 0000000000000004, 0000000200001000]    19: sub64 r6, 1
   74 [0000000000000000, 0000000400000000, 0000000000002908, 0000000000000004, 0000000000000000, 0000000000000000, 0000000000000005, 000000040000A380, 0000000000000000, 0000000000000004, 0000000200001000]    20: ja function_3
   75 [0000000000000000, 0000000400000000, 0000000000002908, 0000000000000004, 0000000000000000, 0000000000000000, 0000000000000005, 000000040000A380, 0000000000000000, 0000000000000004, 0000000200001000]     3: jeq r6, 0, lbb_21
   76 [0000000000000000, 0000000400000000, 0000000000002908, 0000000000000004, 0000000000000000, 0000000000000000, 0000000000000005, 000000040000A380, 0000000000000000, 0000000000000004, 0000000200001000]     4: mov64 r3, r9
   77 [0000000000000000, 0000000400000000, 0000000000002908, 0000000000000004, 0000000000000000, 0000000000000000, 0000000000000005, 000000040000A380, 0000000000000000, 0000000000000004, 0000000200001000]     5: lsh64 r3, 3
   78 [0000000000000000, 0000000400000000, 0000000000002908, 0000000000000020, 0000000000000000, 0000000000000000, 0000000000000005, 000000040000A380, 0000000000000000, 0000000000000004, 0000000200001000]     6: mov64 r2, r10
   79 [0000000000000000, 0000000400000000, 0000000200001000, 0000000000000020, 0000000000000000, 0000000000000000, 0000000000000005, 000000040000A380, 0000000000000000, 0000000000000004, 0000000200001000]     7: sub64 r2, 8
   80 [0000000000000000, 0000000400000000, 0000000200000FF8, 0000000000000020, 0000000000000000, 0000000000000000, 0000000000000005, 000000040000A380, 0000000000000000, 0000000000000004, 0000000200001000]     8: sub64 r2, r3
   81 [0000000000000000, 0000000400000000, 0000000200000FD8, 0000000000000020, 0000000000000000, 0000000000000000, 0000000000000005, 000000040000A380, 0000000000000000, 0000000000000004, 0000000200001000]     9: stxdw [r2+0x0], r7
   82 [0000000000000000, 0000000400000000, 0000000200000FD8, 0000000000000020, 0000000000000000, 0000000000000000, 0000000000000005, 000000040000A380, 0000000000000000, 0000000000000004, 0000000200001000]    10: add64 r9, 1
   83 [0000000000000000, 0000000400000000, 0000000200000FD8, 0000000000000020, 0000000000000000, 0000000000000000, 0000000000000005, 000000040000A380, 0000000000000000, 0000000000000005, 0000000200001000]    11: ldxdw r2, [r7+0x50]
   84 [0000000000000000, 0000000400000000, 00000000000000A5, 0000000000000020, 0000000000000000, 0000000000000000, 0000000000000005, 000000040000A380, 0000000000000000, 0000000000000005, 0000000200001000]    12: add64 r2, 10240
   85 [0000000000000000, 0000000400000000, 00000000000028A5, 0000000000000020, 0000000000000000, 0000000000000000, 0000000000000005, 000000040000A380, 0000000000000000, 0000000000000005, 0000000200001000]    13: add64 r2, 7
   86 [0000000000000000, 0000000400000000, 00000000000028AC, 0000000000000020, 0000000000000000, 0000000000000000, 0000000000000005, 000000040000A380, 0000000000000000, 0000000000000005, 0000000200001000]    14: mov64 r3, r2
   87 [0000000000000000, 0000000400000000, 00000000000028AC, 00000000000028AC, 0000000000000000, 0000000000000000, 0000000000000005, 000000040000A380, 0000000000000000, 0000000000000005, 0000000200001000]    15: and64 r3, 7
   88 [0000000000000000, 0000000400000000, 00000000000028AC, 0000000000000004, 0000000000000000, 0000000000000000, 0000000000000005, 000000040000A380, 0000000000000000, 0000000000000005, 0000000200001000]    16: sub64 r2, r3
   89 [0000000000000000, 0000000400000000, 00000000000028A8, 0000000000000004, 0000000000000000, 0000000000000000, 0000000000000005, 000000040000A380, 0000000000000000, 0000000000000005, 0000000200001000]    17: add64 r2, 96
   90 [0000000000000000, 0000000400000000, 0000000000002908, 0000000000000004, 0000000000000000, 0000000000000000, 0000000000000005, 000000040000A380, 0000000000000000, 0000000000000005, 0000000200001000]    18: add64 r7, r2
   91 [0000000000000000, 0000000400000000, 0000000000002908, 0000000000000004, 0000000000000000, 0000000000000000, 0000000000000005, 000000040000CC88, 0000000000000000, 0000000000000005, 0000000200001000]    19: sub64 r6, 1
   92 [0000000000000000, 0000000400000000, 0000000000002908, 0000000000000004, 0000000000000000, 0000000000000000, 0000000000000004, 000000040000CC88, 0000000000000000, 0000000000000005, 0000000200001000]    20: ja function_3
   93 [0000000000000000, 0000000400000000, 0000000000002908, 0000000000000004, 0000000000000000, 0000000000000000, 0000000000000004, 000000040000CC88, 0000000000000000, 0000000000000005, 0000000200001000]     3: jeq r6, 0, lbb_21
   94 [0000000000000000, 0000000400000000, 0000000000002908, 0000000000000004, 0000000000000000, 0000000000000000, 0000000000000004, 000000040000CC88, 0000000000000000, 0000000000000005, 0000000200001000]     4: mov64 r3, r9
   95 [0000000000000000, 0000000400000000, 0000000000002908, 0000000000000005, 0000000000000000, 0000000000000000, 0000000000000004, 000000040000CC88, 0000000000000000, 0000000000000005, 0000000200001000]     5: lsh64 r3, 3
   96 [0000000000000000, 0000000400000000, 0000000000002908, 0000000000000028, 0000000000000000, 0000000000000000, 0000000000000004, 000000040000CC88, 0000000000000000, 0000000000000005, 0000000200001000]     6: mov64 r2, r10
   97 [0000000000000000, 0000000400000000, 0000000200001000, 0000000000000028, 0000000000000000, 0000000000000000, 0000000000000004, 000000040000CC88, 0000000000000000, 0000000000000005, 0000000200001000]     7: sub64 r2, 8
   98 [0000000000000000, 0000000400000000, 0000000200000FF8, 0000000000000028, 0000000000000000, 0000000000000000, 0000000000000004, 000000040000CC88, 0000000000000000, 0000000000000005, 0000000200001000]     8: sub64 r2, r3
   99 [0000000000000000, 0000000400000000, 0000000200000FD0, 0000000000000028, 0000000000000000, 0000000000000000, 0000000000000004, 000000040000CC88, 0000000000000000, 0000000000000005, 0000000200001000]     9: stxdw [r2+0x0], r7
  100 [0000000000000000, 0000000400000000, 0000000200000FD0, 0000000000000028, 0000000000000000, 0000000000000000, 0000000000000004, 000000040000CC88, 0000000000000000, 0000000000000005, 0000000200001000]    10: add64 r9, 1
  101 [0000000000000000, 0000000400000000, 0000000200000FD0, 0000000000000028, 0000000000000000, 0000000000000000, 0000000000000004, 000000040000CC88, 0000000000000000, 0000000000000006, 0000000200001000]    11: ldxdw r2, [r7+0x50]
  102 [0000000000000000, 0000000400000000, 000000000000009A, 0000000000000028, 0000000000000000, 0000000000000000, 0000000000000004, 000000040000CC88, 0000000000000000, 0000000000000006, 0000000200001000]    12: add64 r2, 10240
  103 [0000000000000000, 0000000400000000, 000000000000289A, 0000000000000028, 0000000000000000, 0000000000000000, 0000000000000004, 000000040000CC88, 0000000000000000, 0000000000000006, 0000000200001000]    13: add64 r2, 7
  104 [0000000000000000, 0000000400000000, 00000000000028A1, 0000000000000028, 0000000000000000, 0000000000000000, 0000000000000004, 000000040000CC88, 0000000000000000, 0000000000000006, 0000000200001000]    14: mov64 r3, r2
  105 [0000000000000000, 0000000400000000, 00000000000028A1, 00000000000028A1, 0000000000000000, 0000000000000000, 0000000000000004, 000000040000CC88, 0000000000000000, 0000000000000006, 0000000200001000]    15: and64 r3, 7
  106 [0000000000000000, 0000000400000000, 00000000000028A1, 0000000000000001, 0000000000000000, 0000000000000000, 0000000000000004, 000000040000CC88, 0000000000000000, 0000000000000006, 0000000200001000]    16: sub64 r2, r3
  107 [0000000000000000, 0000000400000000, 00000000000028A0, 0000000000000001, 0000000000000000, 0000000000000000, 0000000000000004, 000000040000CC88, 0000000000000000, 0000000000000006, 0000000200001000]    17: add64 r2, 96
  108 [0000000000000000, 0000000400000000, 0000000000002900, 0000000000000001, 0000000000000000, 0000000000000000, 0000000000000004, 000000040000CC88, 0000000000000000, 0000000000000006, 0000000200001000]    18: add64 r7, r2
  109 [0000000000000000, 0000000400000000, 0000000000002900, 0000000000000001, 0000000000000000, 0000000000000000, 0000000000000004, 000000040000F588, 0000000000000000, 0000000000000006, 0000000200001000]    19: sub64 r6, 1
  110 [0000000000000000, 0000000400000000, 0000000000002900, 0000000000000001, 0000000000000000, 0000000000000000, 0000000000000003, 000000040000F588, 0000000000000000, 0000000000000006, 0000000200001000]    20: ja function_3
  111 [0000000000000000, 0000000400000000, 0000000000002900, 0000000000000001, 0000000000000000, 0000000000000000, 0000000000000003, 000000040000F588, 0000000000000000, 0000000000000006, 0000000200001000]     3: jeq r6, 0, lbb_21
  112 [0000000000000000, 0000000400000000, 0000000000002900, 0000000000000001, 0000000000000000, 0000000000000000, 0000000000000003, 000000040000F588, 0000000000000000, 0000000000000006, 0000000200001000]     4: mov64 r3, r9
  113 [0000000000000000, 0000000400000000, 0000000000002900, 0000000000000006, 0000000000000000, 0000000000000000, 0000000000000003, 000000040000F588, 0000000000000000, 0000000000000006, 0000000200001000]     5: lsh64 r3, 3
  114 [0000000000000000, 0000000400000000, 0000000000002900, 0000000000000030, 0000000000000000, 0000000000000000, 0000000000000003, 000000040000F588, 0000000000000000, 0000000000000006, 0000000200001000]     6: mov64 r2, r10
  115 [0000000000000000, 0000000400000000, 0000000200001000, 0000000000000030, 0000000000000000, 0000000000000000, 0000000000000003, 000000040000F588, 0000000000000000, 0000000000000006, 0000000200001000]     7: sub64 r2, 8
  116 [0000000000000000, 0000000400000000, 0000000200000FF8, 0000000000000030, 0000000000000000, 0000000000000000, 0000000000000003, 000000040000F588, 0000000000000000, 0000000000000006, 0000000200001000]     8: sub64 r2, r3
  117 [0000000000000000, 0000000400000000, 0000000200000FC8, 0000000000000030, 0000000000000000, 0000000000000000, 0000000000000003, 000000040000F588, 0000000000000000, 0000000000000006, 0000000200001000]     9: stxdw [r2+0x0], r7
  118 [0000000000000000, 0000000400000000, 0000000200000FC8, 0000000000000030, 0000000000000000, 0000000000000000, 0000000000000003, 000000040000F588, 0000000000000000, 0000000000000006, 0000000200001000]    10: add64 r9, 1
  119 [0000000000000000, 0000000400000000, 0000000200000FC8, 0000000000000030, 0000000000000000, 0000000000000000, 0000000000000003, 000000040000F588, 0000000000000000, 0000000000000007, 0000000200001000]    11: ldxdw r2, [r7+0x50]
  120 [0000000000000000, 0000000400000000, 0000000000000052, 0000000000000030, 0000000000000000, 0000000000000000, 0000000000000003, 000000040000F588, 0000000000000000, 0000000000000007, 0000000200001000]    12: add64 r2, 10240
  121 [0000000000000000, 0000000400000000, 0000000000002852, 0000000000000030, 0000000000000000, 0000000000000000, 0000000000000003, 000000040000F588, 0000000000000000, 0000000000000007, 0000000200001000]    13: add64 r2, 7
  122 [0000000000000000, 0000000400000000, 0000000000002859, 0000000000000030, 0000000000000000, 0000000000000000, 0000000000000003, 000000040000F588, 0000000000000000, 0000000000000007, 0000000200001000]    14: mov64 r3, r2
  123 [0000000000000000, 0000000400000000, 0000000000002859, 0000000000002859, 0000000000000000, 0000000000000000, 0000000000000003, 000000040000F588, 0000000000000000, 0000000000000007, 0000000200001000]    15: and64 r3, 7
  124 [0000000000000000, 0000000400000000, 0000000000002859, 0000000000000001, 0000000000000000, 0000000000000000, 0000000000000003, 000000040000F588, 0000000000000000, 0000000000000007, 0000000200001000]    16: sub64 r2, r3
  125 [0000000000000000, 0000000400000000, 0000000000002858, 0000000000000001, 0000000000000000, 0000000000000000, 0000000000000003, 000000040000F588, 0000000000000000, 0000000000000007, 0000000200001000]    17: add64 r2, 96
  126 [0000000000000000, 0000000400000000, 00000000000028B8, 0000000000000001, 0000000000000000, 0000000000000000, 0000000000000003, 000000040000F588, 0000000000000000, 0000000000000007, 0000000200001000]    18: add64 r7, r2
  127 [0000000000000000, 0000000400000000, 00000000000028B8, 0000000000000001, 0000000000000000, 0000000000000000, 0000000000000003, 0000000400011E40, 0000000000000000, 0000000000000007, 0000000200001000]    19: sub64 r6, 1
  128 [0000000000000000, 0000000400000000, 00000000000028B8, 0000000000000001, 0000000000000000, 0000000000000000, 0000000000000002, 0000000400011E40, 0000000000000000, 0000000000000007, 0000000200001000]    20: ja function_3
  129 [0000000000000000, 0000000400000000, 00000000000028B8, 0000000000000001, 0000000000000000, 0000000000000000, 0000000000000002, 0000000400011E40, 0000000000000000, 0000000000000007, 0000000200001000]     3: jeq r6, 0, lbb_21
  130 [0000000000000000, 0000000400000000, 00000000000028B8, 0000000000000001, 0000000000000000, 0000000000000000, 0000000000000002, 0000000400011E40, 0000000000000000, 0000000000000007, 0000000200001000]     4: mov64 r3, r9
  131 [0000000000000000, 0000000400000000, 00000000000028B8, 0000000000000007, 0000000000000000, 0000000000000000, 0000000000000002, 0000000400011E40, 0000000000000000, 0000000000000007, 0000000200001000]     5: lsh64 r3, 3
  132 [0000000000000000, 0000000400000000, 00000000000028B8, 0000000000000038, 0000000000000000, 0000000000000000, 0000000000000002, 0000000400011E40, 0000000000000000, 0000000000000007, 0000000200001000]     6: mov64 r2, r10
  133 [0000000000000000, 0000000400000000, 0000000200001000, 0000000000000038, 0000000000000000, 0000000000000000, 0000000000000002, 0000000400011E40, 0000000000000000, 0000000000000007, 0000000200001000]     7: sub64 r2, 8
  134 [0000000000000000, 0000000400000000, 0000000200000FF8, 0000000000000038, 0000000000000000, 0000000000000000, 0000000000000002, 0000000400011E40, 0000000000000000, 0000000000000007, 0000000200001000]     8: sub64 r2, r3
  135 [0000000000000000, 0000000400000000, 0000000200000FC0, 0000000000000038, 0000000000000000, 0000000000000000, 0000000000000002, 0000000400011E40, 0000000000000000, 0000000000000007, 0000000200001000]     9: stxdw [r2+0x0], r7
  136 [0000000000000000, 0000000400000000, 0000000200000FC0, 0000000000000038, 0000000000000000, 0000000000000000, 0000000000000002, 0000000400011E40, 0000000000000000, 0000000000000007, 0000000200001000]    10: add64 r9, 1
  137 [0000000000000000, 0000000400000000, 0000000200000FC0, 0000000000000038, 0000000000000000, 0000000000000000, 0000000000000002, 0000000400011E40, 0000000000000000, 0000000000000008, 0000000200001000]    11: ldxdw r2, [r7+0x50]
  138 [0000000000000000, 0000000400000000, 0000000000000052, 0000000000000038, 0000000000000000, 0000000000000000, 0000000000000002, 0000000400011E40, 0000000000000000, 0000000000000008, 0000000200001000]    12: add64 r2, 10240
  139 [0000000000000000, 0000000400000000, 0000000000002852, 0000000000000038, 0000000000000000, 0000000000000000, 0000000000000002, 0000000400011E40, 0000000000000000, 0000000000000008, 0000000200001000]    13: add64 r2, 7
  140 [0000000000000000, 0000000400000000, 0000000000002859, 0000000000000038, 0000000000000000, 0000000000000000, 0000000000000002, 0000000400011E40, 0000000000000000, 0000000000000008, 0000000200001000]    14: mov64 r3, r2
  141 [0000000000000000, 0000000400000000, 0000000000002859, 0000000000002859, 0000000000000000, 0000000000000000, 0000000000000002, 0000000400011E40, 0000000000000000, 0000000000000008, 0000000200001000]    15: and64 r3, 7
  142 [0000000000000000, 0000000400000000, 0000000000002859, 0000000000000001, 0000000000000000, 0000000000000000, 0000000000000002, 0000000400011E40, 0000000000000000, 0000000000000008, 0000000200001000]    16: sub64 r2, r3
  143 [0000000000000000, 0000000400000000, 0000000000002858, 0000000000000001, 0000000000000000, 0000000000000000, 0000000000000002, 0000000400011E40, 0000000000000000, 0000000000000008, 0000000200001000]    17: add64 r2, 96
  144 [0000000000000000, 0000000400000000, 00000000000028B8, 0000000000000001, 0000000000000000, 0000000000000000, 0000000000000002, 0000000400011E40, 0000000000000000, 0000000000000008, 0000000200001000]    18: add64 r7, r2
  145 [0000000000000000, 0000000400000000, 00000000000028B8, 0000000000000001, 0000000000000000, 0000000000000000, 0000000000000002, 00000004000146F8, 0000000000000000, 0000000000000008, 0000000200001000]    19: sub64 r6, 1
  146 [0000000000000000, 0000000400000000, 00000000000028B8, 0000000000000001, 0000000000000000, 0000000000000000, 0000000000000001, 00000004000146F8, 0000000000000000, 0000000000000008, 0000000200001000]    20: ja function_3
  147 [0000000000000000, 0000000400000000, 00000000000028B8, 0000000000000001, 0000000000000000, 0000000000000000, 0000000000000001, 00000004000146F8, 0000000000000000, 0000000000000008, 0000000200001000]     3: jeq r6, 0, lbb_21
  148 [0000000000000000, 0000000400000000, 00000000000028B8, 0000000000000001, 0000000000000000, 0000000000000000, 0000000000000001, 00000004000146F8, 0000000000000000, 0000000000000008, 0000000200001000]     4: mov64 r3, r9
  149 [0000000000000000, 0000000400000000, 00000000000028B8, 0000000000000008, 0000000000000000, 0000000000000000, 0000000000000001, 00000004000146F8, 0000000000000000, 0000000000000008, 0000000200001000]     5: lsh64 r3, 3
  150 [0000000000000000, 0000000400000000, 00000000000028B8, 0000000000000040, 0000000000000000, 0000000000000000, 0000000000000001, 00000004000146F8, 0000000000000000, 0000000000000008, 0000000200001000]     6: mov64 r2, r10
  151 [0000000000000000, 0000000400000000, 0000000200001000, 0000000000000040, 0000000000000000, 0000000000000000, 0000000000000001, 00000004000146F8, 0000000000000000, 0000000000000008, 0000000200001000]     7: sub64 r2, 8
  152 [0000000000000000, 0000000400000000, 0000000200000FF8, 0000000000000040, 0000000000000000, 0000000000000000, 0000000000000001, 00000004000146F8, 0000000000000000, 0000000000000008, 0000000200001000]     8: sub64 r2, r3
  153 [0000000000000000, 0000000400000000, 0000000200000FB8, 0000000000000040, 0000000000000000, 0000000000000000, 0000000000000001, 00000004000146F8, 0000000000000000, 0000000000000008, 0000000200001000]     9: stxdw [r2+0x0], r7
  154 [0000000000000000, 0000000400000000, 0000000200000FB8, 0000000000000040, 0000000000000000, 0000000000000000, 0000000000000001, 00000004000146F8, 0000000000000000, 0000000000000008, 0000000200001000]    10: add64 r9, 1
  155 [0000000000000000, 0000000400000000, 0000000200000FB8, 0000000000000040, 0000000000000000, 0000000000000000, 0000000000000001, 00000004000146F8, 0000000000000000, 0000000000000009, 0000000200001000]    11: ldxdw r2, [r7+0x50]
  156 [0000000000000000, 0000000400000000, 00000000000208E8, 0000000000000040, 0000000000000000, 0000000000000000, 0000000000000001, 00000004000146F8, 0000000000000000, 0000000000000009, 0000000200001000]    12: add64 r2, 10240
  157 [0000000000000000, 0000000400000000, 00000000000230E8, 0000000000000040, 0000000000000000, 0000000000000000, 0000000000000001, 00000004000146F8, 0000000000000000, 0000000000000009, 0000000200001000]    13: add64 r2, 7
  158 [0000000000000000, 0000000400000000, 00000000000230EF, 0000000000000040, 0000000000000000, 0000000000000000, 0000000000000001, 00000004000146F8, 0000000000000000, 0000000000000009, 0000000200001000]    14: mov64 r3, r2
  159 [0000000000000000, 0000000400000000, 00000000000230EF, 00000000000230EF, 0000000000000000, 0000000000000000, 0000000000000001, 00000004000146F8, 0000000000000000, 0000000000000009, 0000000200001000]    15: and64 r3, 7
  160 [0000000000000000, 0000000400000000, 00000000000230EF, 0000000000000007, 0000000000000000, 0000000000000000, 0000000000000001, 00000004000146F8, 0000000000000000, 0000000000000009, 0000000200001000]    16: sub64 r2, r3
  161 [0000000000000000, 0000000400000000, 00000000000230E8, 0000000000000007, 0000000000000000, 0000000000000000, 0000000000000001, 00000004000146F8, 0000000000000000, 0000000000000009, 0000000200001000]    17: add64 r2, 96
  162 [0000000000000000, 0000000400000000, 0000000000023148, 0000000000000007, 0000000000000000, 0000000000000000, 0000000000000001, 00000004000146F8, 0000000000000000, 0000000000000009, 0000000200001000]    18: add64 r7, r2
  163 [0000000000000000, 0000000400000000, 0000000000023148, 0000000000000007, 0000000000000000, 0000000000000000, 0000000000000001, 0000000400037840, 0000000000000000, 0000000000000009, 0000000200001000]    19: sub64 r6, 1
  164 [0000000000000000, 0000000400000000, 0000000000023148, 0000000000000007, 0000000000000000, 0000000000000000, 0000000000000000, 0000000400037840, 0000000000000000, 0000000000000009, 0000000200001000]    20: ja function_3
  165 [0000000000000000, 0000000400000000, 0000000000023148, 0000000000000007, 0000000000000000, 0000000000000000, 0000000000000000, 0000000400037840, 0000000000000000, 0000000000000009, 0000000200001000]     3: jeq r6, 0, lbb_21
  166 [0000000000000000, 0000000400000000, 0000000000023148, 0000000000000007, 0000000000000000, 0000000000000000, 0000000000000000, 0000000400037840, 0000000000000000, 0000000000000009, 0000000200001000]    21: ldxdw r3, [r7+0x0]
  167 [0000000000000000, 0000000400000000, 0000000000023148, 0000000000000001, 0000000000000000, 0000000000000000, 0000000000000000, 0000000400037840, 0000000000000000, 0000000000000009, 0000000200001000]    22: jlt r3, 1, lbb_275
  168 [0000000000000000, 0000000400000000, 0000000000023148, 0000000000000001, 0000000000000000, 0000000000000000, 0000000000000000, 0000000400037840, 0000000000000000, 0000000000000009, 0000000200001000]    23: ldxb r4, [r7+0x8]
  169 [0000000000000000, 0000000400000000, 0000000000023148, 0000000000000001, 0000000000000001, 0000000000000000, 0000000000000000, 0000000400037840, 0000000000000000, 0000000000000009, 0000000200001000]    24: jeq r4, 0, lbb_28
  170 [0000000000000000, 0000000400000000, 0000000000023148, 0000000000000001, 0000000000000001, 0000000000000000, 0000000000000000, 0000000400037840, 0000000000000000, 0000000000000009, 0000000200001000]    25: jeq r4, 1, lbb_230
  171 [0000000000000000, 0000000400000000, 0000000000023148, 0000000000000001, 0000000000000001, 0000000000000000, 0000000000000000, 0000000400037840, 0000000000000000, 0000000000000009, 0000000200001000]   230: ldxdw r2, [r1+0x0]
  172 [0000000000000000, 0000000400000000, 0000000000000009, 0000000000000001, 0000000000000001, 0000000000000000, 0000000000000000, 0000000400037840, 0000000000000000, 0000000000000009, 0000000200001000]   231: jlt r2, 9, lbb_277
  173 [0000000000000000, 0000000400000000, 0000000000000009, 0000000000000001, 0000000000000001, 0000000000000000, 0000000000000000, 0000000400037840, 0000000000000000, 0000000000000009, 0000000200001000]   232: ldxdw r2, [r10-0x8]
  174 [0000000000000000, 0000000400000000, 0000000400000008, 0000000000000001, 0000000000000001, 0000000000000000, 0000000000000000, 0000000400037840, 0000000000000000, 0000000000000009, 0000000200001000]   233: ldxb r2, [r2+0x1]
  175 [0000000000000000, 0000000400000000, 0000000000000001, 0000000000000001, 0000000000000001, 0000000000000000, 0000000000000000, 0000000400037840, 0000000000000000, 0000000000000009, 0000000200001000]   234: jne r2, 1, lbb_279
  176 [0000000000000000, 0000000400000000, 0000000000000001, 0000000000000001, 0000000000000001, 0000000000000000, 0000000000000000, 0000000400037840, 0000000000000000, 0000000000000009, 0000000200001000]   235: ldxdw r2, [r10-0x30]
  177 [0000000000000000, 0000000400000000, 000000040000CC88, 0000000000000001, 0000000000000001, 0000000000000000, 0000000000000000, 0000000400037840, 0000000000000000, 0000000000000009, 0000000200001000]   236: add64 r2, 40
  178 [0000000000000000, 0000000400000000, 000000040000CCB0, 0000000000000001, 0000000000000001, 0000000000000000, 0000000000000000, 0000000400037840, 0000000000000000, 0000000000000009, 0000000200001000]   237: ldxdw r3, [r7+0x0]
  179 [0000000000000000, 0000000400000000, 000000040000CCB0, 0000000000000001, 0000000000000001, 0000000000000000, 0000000000000000, 0000000400037840, 0000000000000000, 0000000000000009, 0000000200001000]   238: mov64 r1, r7
  180 [0000000000000000, 0000000400037840, 000000040000CCB0, 0000000000000001, 0000000000000001, 0000000000000000, 0000000000000000, 0000000400037840, 0000000000000000, 0000000000000009, 0000000200001000]   239: add64 r1, 8
  181 [0000000000000000, 0000000400037848, 000000040000CCB0, 0000000000000001, 0000000000000001, 0000000000000000, 0000000000000000, 0000000400037840, 0000000000000000, 0000000000000009, 0000000200001000]   240: add64 r1, r3
  182 [0000000000000000, 0000000400037849, 000000040000CCB0, 0000000000000001, 0000000000000001, 0000000000000000, 0000000000000000, 0000000400037840, 0000000000000000, 0000000000000009, 0000000200001000]   241: call function_299
  183 [0000000000000000, 0000000400037849, 000000040000CCB0, 0000000000000001, 0000000000000001, 0000000000000000, 0000000000000000, 0000000400037840, 0000000000000000, 0000000000000009, 0000000200002000]   299: ldxdw r3, [r1+0x0]
  184 [0000000000000000, 0000000400037849, 000000040000CCB0, C512BA35BA2D9AF4, 0000000000000001, 0000000000000000, 0000000000000000, 0000000400037840, 0000000000000000, 0000000000000009, 0000000200002000]   300: ldxdw r4, [r2+0x0]
  185 [0000000000000000, 0000000400037849, 000000040000CCB0, C512BA35BA2D9AF4, C512BA35BA2D9AF4, 0000000000000000, 0000000000000000, 0000000400037840, 0000000000000000, 0000000000000009, 0000000200002000]   301: jne r3, r4, lbb_313
  186 [0000000000000000, 0000000400037849, 000000040000CCB0, C512BA35BA2D9AF4, C512BA35BA2D9AF4, 0000000000000000, 0000000000000000, 0000000400037840, 0000000000000000, 0000000000000009, 0000000200002000]   302: ldxdw r3, [r1+0x8]
  187 [0000000000000000, 0000000400037849, 000000040000CCB0, 08D0A2FB506C1A71, C512BA35BA2D9AF4, 0000000000000000, 0000000000000000, 0000000400037840, 0000000000000000, 0000000000000009, 0000000200002000]   303: ldxdw r4, [r2+0x8]
  188 [0000000000000000, 0000000400037849, 000000040000CCB0, 08D0A2FB506C1A71, 08D0A2FB506C1A71, 0000000000000000, 0000000000000000, 0000000400037840, 0000000000000000, 0000000000000009, 0000000200002000]   304: jne r3, r4, lbb_313
  189 [0000000000000000, 0000000400037849, 000000040000CCB0, 08D0A2FB506C1A71, 08D0A2FB506C1A71, 0000000000000000, 0000000000000000, 0000000400037840, 0000000000000000, 0000000000000009, 0000000200002000]   305: ldxdw r3, [r1+0x10]
  190 [0000000000000000, 0000000400037849, 000000040000CCB0, 93EAF43A2BD4867A, 08D0A2FB506C1A71, 0000000000000000, 0000000000000000, 0000000400037840, 0000000000000000, 0000000000000009, 0000000200002000]   306: ldxdw r4, [r2+0x10]
  191 [0000000000000000, 0000000400037849, 000000040000CCB0, 93EAF43A2BD4867A, 93EAF43A2BD4867A, 0000000000000000, 0000000000000000, 0000000400037840, 0000000000000000, 0000000000000009, 0000000200002000]   307: jne r3, r4, lbb_313
  192 [0000000000000000, 0000000400037849, 000000040000CCB0, 93EAF43A2BD4867A, 93EAF43A2BD4867A, 0000000000000000, 0000000000000000, 0000000400037840, 0000000000000000, 0000000000000009, 0000000200002000]   308: ldxdw r3, [r1+0x18]
  193 [0000000000000000, 0000000400037849, 000000040000CCB0, B7CFB5A9E7B8C99A, 93EAF43A2BD4867A, 0000000000000000, 0000000000000000, 0000000400037840, 0000000000000000, 0000000000000009, 0000000200002000]   309: ldxdw r4, [r2+0x18]
  194 [0000000000000000, 0000000400037849, 000000040000CCB0, B7CFB5A9E7B8C99A, B7CFB5A9E7B8C99A, 0000000000000000, 0000000000000000, 0000000400037840, 0000000000000000, 0000000000000009, 0000000200002000]   310: jne r3, r4, lbb_313
  195 [0000000000000000, 0000000400037849, 000000040000CCB0, B7CFB5A9E7B8C99A, B7CFB5A9E7B8C99A, 0000000000000000, 0000000000000000, 0000000400037840, 0000000000000000, 0000000000000009, 0000000200002000]   311: mov64 r0, 0
  196 [0000000000000000, 0000000400037849, 000000040000CCB0, B7CFB5A9E7B8C99A, B7CFB5A9E7B8C99A, 0000000000000000, 0000000000000000, 0000000400037840, 0000000000000000, 0000000000000009, 0000000200002000]   312: exit
  197 [0000000000000000, 0000000400037849, 000000040000CCB0, B7CFB5A9E7B8C99A, B7CFB5A9E7B8C99A, 0000000000000000, 0000000000000000, 0000000400037840, 0000000000000000, 0000000000000009, 0000000200001000]   242: jne r0, 0, lbb_281
  198 [0000000000000000, 0000000400037849, 000000040000CCB0, B7CFB5A9E7B8C99A, B7CFB5A9E7B8C99A, 0000000000000000, 0000000000000000, 0000000400037840, 0000000000000000, 0000000000000009, 0000000200001000]   243: ldxdw r2, [r10-0x30]
  199 [0000000000000000, 0000000400037849, 000000040000CC88, B7CFB5A9E7B8C99A, B7CFB5A9E7B8C99A, 0000000000000000, 0000000000000000, 0000000400037840, 0000000000000000, 0000000000000009, 0000000200001000]   244: add64 r2, 88
  200 [0000000000000000, 0000000400037849, 000000040000CCE0, B7CFB5A9E7B8C99A, B7CFB5A9E7B8C99A, 0000000000000000, 0000000000000000, 0000000400037840, 0000000000000000, 0000000000000009, 0000000200001000]   245: ldxb r3, [r2+0x0]
  201 [0000000000000000, 0000000400037849, 000000040000CCE0, 0000000000000000, B7CFB5A9E7B8C99A, 0000000000000000, 0000000000000000, 0000000400037840, 0000000000000000, 0000000000000009, 0000000200001000]   246: jne r3, 0, lbb_283
  202 [0000000000000000, 0000000400037849, 000000040000CCE0, 0000000000000000, B7CFB5A9E7B8C99A, 0000000000000000, 0000000000000000, 0000000400037840, 0000000000000000, 0000000000000009, 0000000200001000]   247: ldxdw r2, [r10-0x30]
  203 [0000000000000000, 0000000400037849, 000000040000CC88, 0000000000000000, B7CFB5A9E7B8C99A, 0000000000000000, 0000000000000000, 0000000400037840, 0000000000000000, 0000000000000009, 0000000200001000]   248: ldxdw r2, [r2+0x50]
  204 [0000000000000000, 0000000400037849, 000000000000009A, 0000000000000000, B7CFB5A9E7B8C99A, 0000000000000000, 0000000000000000, 0000000400037840, 0000000000000000, 0000000000000009, 0000000200001000]   249: jne r2, 154, lbb_287
  205 [0000000000000000, 0000000400037849, 000000000000009A, 0000000000000000, B7CFB5A9E7B8C99A, 0000000000000000, 0000000000000000, 0000000400037840, 0000000000000000, 0000000000000009, 0000000200001000]   250: ldxdw r1, [r10-0x10]
  206 [0000000000000000, 0000000400002868, 000000000000009A, 0000000000000000, B7CFB5A9E7B8C99A, 0000000000000000, 0000000000000000, 0000000400037840, 0000000000000000, 0000000000000009, 0000000200001000]   251: add64 r1, 88
  207 [0000000000000000, 00000004000028C0, 000000000000009A, 0000000000000000, B7CFB5A9E7B8C99A, 0000000000000000, 0000000000000000, 0000000400037840, 0000000000000000, 0000000000000009, 0000000200001000]   252: add64 r1, 0
  208 [0000000000000000, 00000004000028C0, 000000000000009A, 0000000000000000, B7CFB5A9E7B8C99A, 0000000000000000, 0000000000000000, 0000000400037840, 0000000000000000, 0000000000000009, 0000000200001000]   253: ldxdw r2, [r10-0x30]
  209 [0000000000000000, 00000004000028C0, 000000040000CC88, 0000000000000000, B7CFB5A9E7B8C99A, 0000000000000000, 0000000000000000, 0000000400037840, 0000000000000000, 0000000000000009, 0000000200001000]   254: add64 r2, 88
  210 [0000000000000000, 00000004000028C0, 000000040000CCE0, 0000000000000000, B7CFB5A9E7B8C99A, 0000000000000000, 0000000000000000, 0000000400037840, 0000000000000000, 0000000000000009, 0000000200001000]   255: add64 r2, 74
  211 [0000000000000000, 00000004000028C0, 000000040000CD2A, 0000000000000000, B7CFB5A9E7B8C99A, 0000000000000000, 0000000000000000, 0000000400037840, 0000000000000000, 0000000000000009, 0000000200001000]   256: call function_299
  212 [0000000000000000, 00000004000028C0, 000000040000CD2A, 0000000000000000, B7CFB5A9E7B8C99A, 0000000000000000, 0000000000000000, 0000000400037840, 0000000000000000, 0000000000000009, 0000000200002000]   299: ldxdw r3, [r1+0x0]
  213 [0000000000000000, 00000004000028C0, 000000040000CD2A, 27B2EDAF600E01CE, B7CFB5A9E7B8C99A, 0000000000000000, 0000000000000000, 0000000400037840, 0000000000000000, 0000000000000009, 0000000200002000]   300: ldxdw r4, [r2+0x0]
  214 [0000000000000000, 00000004000028C0, 000000040000CD2A, 27B2EDAF600E01CE, 27B2EDAF600E01CE, 0000000000000000, 0000000000000000, 0000000400037840, 0000000000000000, 0000000000000009, 0000000200002000]   301: jne r3, r4, lbb_313
  215 [0000000000000000, 00000004000028C0, 000000040000CD2A, 27B2EDAF600E01CE, 27B2EDAF600E01CE, 0000000000000000, 0000000000000000, 0000000400037840, 0000000000000000, 0000000000000009, 0000000200002000]   302: ldxdw r3, [r1+0x8]
  216 [0000000000000000, 00000004000028C0, 000000040000CD2A, 5A14542F1963BD17, 27B2EDAF600E01CE, 0000000000000000, 0000000000000000, 0000000400037840, 0000000000000000, 0000000000000009, 0000000200002000]   303: ldxdw r4, [r2+0x8]
  217 [0000000000000000, 00000004000028C0, 000000040000CD2A, 5A14542F1963BD17, 5A14542F1963BD17, 0000000000000000, 0000000000000000, 0000000400037840, 0000000000000000, 0000000000000009, 0000000200002000]   304: jne r3, r4, lbb_313
  218 [0000000000000000, 00000004000028C0, 000000040000CD2A, 5A14542F1963BD17, 5A14542F1963BD17, 0000000000000000, 0000000000000000, 0000000400037840, 0000000000000000, 0000000000000009, 0000000200002000]   305: ldxdw r3, [r1+0x10]
  219 [0000000000000000, 00000004000028C0, 000000040000CD2A, C7D282BB335A963F, 5A14542F1963BD17, 0000000000000000, 0000000000000000, 0000000400037840, 0000000000000000, 0000000000000009, 0000000200002000]   306: ldxdw r4, [r2+0x10]
  220 [0000000000000000, 00000004000028C0, 000000040000CD2A, C7D282BB335A963F, C7D282BB335A963F, 0000000000000000, 0000000000000000, 0000000400037840, 0000000000000000, 0000000000000009, 0000000200002000]   307: jne r3, r4, lbb_313
  221 [0000000000000000, 00000004000028C0, 000000040000CD2A, C7D282BB335A963F, C7D282BB335A963F, 0000000000000000, 0000000000000000, 0000000400037840, 0000000000000000, 0000000000000009, 0000000200002000]   308: ldxdw r3, [r1+0x18]
  222 [0000000000000000, 00000004000028C0, 000000040000CD2A, 6482201ECEB29E02, C7D282BB335A963F, 0000000000000000, 0000000000000000, 0000000400037840, 0000000000000000, 0000000000000009, 0000000200002000]   309: ldxdw r4, [r2+0x18]
  223 [0000000000000000, 00000004000028C0, 000000040000CD2A, 6482201ECEB29E02, 6482201ECEB29E02, 0000000000000000, 0000000000000000, 0000000400037840, 0000000000000000, 0000000000000009, 0000000200002000]   310: jne r3, r4, lbb_313
  224 [0000000000000000, 00000004000028C0, 000000040000CD2A, 6482201ECEB29E02, 6482201ECEB29E02, 0000000000000000, 0000000000000000, 0000000400037840, 0000000000000000, 0000000000000009, 0000000200002000]   311: mov64 r0, 0
  225 [0000000000000000, 00000004000028C0, 000000040000CD2A, 6482201ECEB29E02, 6482201ECEB29E02, 0000000000000000, 0000000000000000, 0000000400037840, 0000000000000000, 0000000000000009, 0000000200002000]   312: exit
  226 [0000000000000000, 00000004000028C0, 000000040000CD2A, 6482201ECEB29E02, 6482201ECEB29E02, 0000000000000000, 0000000000000000, 0000000400037840, 0000000000000000, 0000000000000009, 0000000200001000]   257: jne r0, 0, lbb_293
  227 [0000000000000000, 00000004000028C0, 000000040000CD2A, 6482201ECEB29E02, 6482201ECEB29E02, 0000000000000000, 0000000000000000, 0000000400037840, 0000000000000000, 0000000000000009, 0000000200001000]   258: ldxdw r1, [r10-0x10]
  228 [0000000000000000, 0000000400002868, 000000040000CD2A, 6482201ECEB29E02, 6482201ECEB29E02, 0000000000000000, 0000000000000000, 0000000400037840, 0000000000000000, 0000000000000009, 0000000200001000]   259: add64 r1, 88
  229 [0000000000000000, 00000004000028C0, 000000040000CD2A, 6482201ECEB29E02, 6482201ECEB29E02, 0000000000000000, 0000000000000000, 0000000400037840, 0000000000000000, 0000000000000009, 0000000200001000]   260: add64 r1, 32
  230 [0000000000000000, 00000004000028E0, 000000040000CD2A, 6482201ECEB29E02, 6482201ECEB29E02, 0000000000000000, 0000000000000000, 0000000400037840, 0000000000000000, 0000000000000009, 0000000200001000]   261: ldxdw r2, [r10-0x8]
  231 [0000000000000000, 00000004000028E0, 0000000400000008, 6482201ECEB29E02, 6482201ECEB29E02, 0000000000000000, 0000000000000000, 0000000400037840, 0000000000000000, 0000000000000009, 0000000200001000]   262: add64 r2, 8
  232 [0000000000000000, 00000004000028E0, 0000000400000010, 6482201ECEB29E02, 6482201ECEB29E02, 0000000000000000, 0000000000000000, 0000000400037840, 0000000000000000, 0000000000000009, 0000000200001000]   263: call function_299
  233 [0000000000000000, 00000004000028E0, 0000000400000010, 6482201ECEB29E02, 6482201ECEB29E02, 0000000000000000, 0000000000000000, 0000000400037840, 0000000000000000, 0000000000000009, 0000000200002000]   299: ldxdw r3, [r1+0x0]
  234 [0000000000000000, 00000004000028E0, 0000000400000010, 0000000000000001, 6482201ECEB29E02, 0000000000000000, 0000000000000000, 0000000400037840, 0000000000000000, 0000000000000009, 0000000200002000]   300: ldxdw r4, [r2+0x0]
  235 [0000000000000000, 00000004000028E0, 0000000400000010, 0000000000000001, 0000000000000001, 0000000000000000, 0000000000000000, 0000000400037840, 0000000000000000, 0000000000000009, 0000000200002000]   301: jne r3, r4, lbb_313
  236 [0000000000000000, 00000004000028E0, 0000000400000010, 0000000000000001, 0000000000000001, 0000000000000000, 0000000000000000, 0000000400037840, 0000000000000000, 0000000000000009, 0000000200002000]   302: ldxdw r3, [r1+0x8]
  237 [0000000000000000, 00000004000028E0, 0000000400000010, 0000000000000000, 0000000000000001, 0000000000000000, 0000000000000000, 0000000400037840, 0000000000000000, 0000000000000009, 0000000200002000]   303: ldxdw r4, [r2+0x8]
  238 [0000000000000000, 00000004000028E0, 0000000400000010, 0000000000000000, 0000000000000000, 0000000000000000, 0000000000000000, 0000000400037840, 0000000000000000, 0000000000000009, 0000000200002000]   304: jne r3, r4, lbb_313
  239 [0000000000000000, 00000004000028E0, 0000000400000010, 0000000000000000, 0000000000000000, 0000000000000000, 0000000000000000, 0000000400037840, 0000000000000000, 0000000000000009, 0000000200002000]   305: ldxdw r3, [r1+0x10]
  240 [0000000000000000, 00000004000028E0, 0000000400000010, 0000000000000000, 0000000000000000, 0000000000000000, 0000000000000000, 0000000400037840, 0000000000000000, 0000000000000009, 0000000200002000]   306: ldxdw r4, [r2+0x10]
  241 [0000000000000000, 00000004000028E0, 0000000400000010, 0000000000000000, 0000000000000000, 0000000000000000, 0000000000000000, 0000000400037840, 0000000000000000, 0000000000000009, 0000000200002000]   307: jne r3, r4, lbb_313
  242 [0000000000000000, 00000004000028E0, 0000000400000010, 0000000000000000, 0000000000000000, 0000000000000000, 0000000000000000, 0000000400037840, 0000000000000000, 0000000000000009, 0000000200002000]   308: ldxdw r3, [r1+0x18]
  243 [0000000000000000, 00000004000028E0, 0000000400000010, 0000000000000000, 0000000000000000, 0000000000000000, 0000000000000000, 0000000400037840, 0000000000000000, 0000000000000009, 0000000200002000]   309: ldxdw r4, [r2+0x18]
  244 [0000000000000000, 00000004000028E0, 0000000400000010, 0000000000000000, 0000000000000000, 0000000000000000, 0000000000000000, 0000000400037840, 0000000000000000, 0000000000000009, 0000000200002000]   310: jne r3, r4, lbb_313
  245 [0000000000000000, 00000004000028E0, 0000000400000010, 0000000000000000, 0000000000000000, 0000000000000000, 0000000000000000, 0000000400037840, 0000000000000000, 0000000000000009, 0000000200002000]   311: mov64 r0, 0
  246 [0000000000000000, 00000004000028E0, 0000000400000010, 0000000000000000, 0000000000000000, 0000000000000000, 0000000000000000, 0000000400037840, 0000000000000000, 0000000000000009, 0000000200002000]   312: exit
  247 [0000000000000000, 00000004000028E0, 0000000400000010, 0000000000000000, 0000000000000000, 0000000000000000, 0000000000000000, 0000000400037840, 0000000000000000, 0000000000000009, 0000000200001000]   264: jne r0, 0, lbb_295
  248 [0000000000000000, 00000004000028E0, 0000000400000010, 0000000000000000, 0000000000000000, 0000000000000000, 0000000000000000, 0000000400037840, 0000000000000000, 0000000000000009, 0000000200001000]   265: ldxdw r1, [r10-0x20]
  249 [0000000000000000, 0000000400007A78, 0000000400000010, 0000000000000000, 0000000000000000, 0000000000000000, 0000000000000000, 0000000400037840, 0000000000000000, 0000000000000009, 0000000200001000]   266: add64 r1, 8
  250 [0000000000000000, 0000000400007A80, 0000000400000010, 0000000000000000, 0000000000000000, 0000000000000000, 0000000000000000, 0000000400037840, 0000000000000000, 0000000000000009, 0000000200001000]   267: ldxdw r2, [r10-0x30]
  251 [0000000000000000, 0000000400007A80, 000000040000CC88, 0000000000000000, 0000000000000000, 0000000000000000, 0000000000000000, 0000000400037840, 0000000000000000, 0000000000000009, 0000000200001000]   268: add64 r2, 88
  252 [0000000000000000, 0000000400007A80, 000000040000CCE0, 0000000000000000, 0000000000000000, 0000000000000000, 0000000000000000, 0000000400037840, 0000000000000000, 0000000000000009, 0000000200001000]   269: add64 r2, 122
  253 [0000000000000000, 0000000400007A80, 000000040000CD5A, 0000000000000000, 0000000000000000, 0000000000000000, 0000000000000000, 0000000400037840, 0000000000000000, 0000000000000009, 0000000200001000]   270: call function_299
  254 [0000000000000000, 0000000400007A80, 000000040000CD5A, 0000000000000000, 0000000000000000, 0000000000000000, 0000000000000000, 0000000400037840, 0000000000000000, 0000000000000009, 0000000200002000]   299: ldxdw r3, [r1+0x0]
  255 [0000000000000000, 0000000400007A80, 000000040000CD5A, F776F772366BEB03, 0000000000000000, 0000000000000000, 0000000000000000, 0000000400037840, 0000000000000000, 0000000000000009, 0000000200002000]   300: ldxdw r4, [r2+0x0]
  256 [0000000000000000, 0000000400007A80, 000000040000CD5A, F776F772366BEB03, F776F772366BEB03, 0000000000000000, 0000000000000000, 0000000400037840, 0000000000000000, 0000000000000009, 0000000200002000]   301: jne r3, r4, lbb_313
  257 [0000000000000000, 0000000400007A80, 000000040000CD5A, F776F772366BEB03, F776F772366BEB03, 0000000000000000, 0000000000000000, 0000000400037840, 0000000000000000, 0000000000000009, 0000000200002000]   302: ldxdw r3, [r1+0x8]
  258 [0000000000000000, 0000000400007A80, 000000040000CD5A, 7FB4384508265C75, F776F772366BEB03, 0000000000000000, 0000000000000000, 0000000400037840, 0000000000000000, 0000000000000009, 0000000200002000]   303: ldxdw r4, [r2+0x8]
  259 [0000000000000000, 0000000400007A80, 000000040000CD5A, 7FB4384508265C75, 7FB4384508265C75, 0000000000000000, 0000000000000000, 0000000400037840, 0000000000000000, 0000000000000009, 0000000200002000]   304: jne r3, r4, lbb_313
  260 [0000000000000000, 0000000400007A80, 000000040000CD5A, 7FB4384508265C75, 7FB4384508265C75, 0000000000000000, 0000000000000000, 0000000400037840, 0000000000000000, 0000000000000009, 0000000200002000]   305: ldxdw r3, [r1+0x10]
  261 [0000000000000000, 0000000400007A80, 000000040000CD5A, B538C1727E99D5BE, 7FB4384508265C75, 0000000000000000, 0000000000000000, 0000000400037840, 0000000000000000, 0000000000000009, 0000000200002000]   306: ldxdw r4, [r2+0x10]
  262 [0000000000000000, 0000000400007A80, 000000040000CD5A, B538C1727E99D5BE, B538C1727E99D5BE, 0000000000000000, 0000000000000000, 0000000400037840, 0000000000000000, 0000000000000009, 0000000200002000]   307: jne r3, r4, lbb_313
  263 [0000000000000000, 0000000400007A80, 000000040000CD5A, B538C1727E99D5BE, B538C1727E99D5BE, 0000000000000000, 0000000000000000, 0000000400037840, 0000000000000000, 0000000000000009, 0000000200002000]   308: ldxdw r3, [r1+0x18]
  264 [0000000000000000, 0000000400007A80, 000000040000CD5A, A62115B9453A62A9, B538C1727E99D5BE, 0000000000000000, 0000000000000000, 0000000400037840, 0000000000000000, 0000000000000009, 0000000200002000]   309: ldxdw r4, [r2+0x18]
  265 [0000000000000000, 0000000400007A80, 000000040000CD5A, A62115B9453A62A9, A62115B9453A62A9, 0000000000000000, 0000000000000000, 0000000400037840, 0000000000000000, 0000000000000009, 0000000200002000]   310: jne r3, r4, lbb_313
  266 [0000000000000000, 0000000400007A80, 000000040000CD5A, A62115B9453A62A9, A62115B9453A62A9, 0000000000000000, 0000000000000000, 0000000400037840, 0000000000000000, 0000000000000009, 0000000200002000]   311: mov64 r0, 0
  267 [0000000000000000, 0000000400007A80, 000000040000CD5A, A62115B9453A62A9, A62115B9453A62A9, 0000000000000000, 0000000000000000, 0000000400037840, 0000000000000000, 0000000000000009, 0000000200002000]   312: exit
  268 [0000000000000000, 0000000400007A80, 000000040000CD5A, A62115B9453A62A9, A62115B9453A62A9, 0000000000000000, 0000000000000000, 0000000400037840, 0000000000000000, 0000000000000009, 0000000200001000]   271: jne r0, 0, lbb_297
  269 [0000000000000000, 0000000400007A80, 000000040000CD5A, A62115B9453A62A9, A62115B9453A62A9, 0000000000000000, 0000000000000000, 0000000400037840, 0000000000000000, 0000000000000009, 0000000200001000]   272: exit
